2020-08-30_21:31:23;39.5;27.55;0;800;0;0;off
2020-08-30_21:32:18;39.5;27.52;0;800;0;0;off
2020-08-30_21:33:18;39.5;27.5;0;800;0;0;off
2020-08-30_21:34:18;39.5;27.47;0;800;0;0;off
2020-08-30_21:35:18;39.5;27.44;0;800;0;0;off
2020-08-31_08:59:01;39.5;35.41;0;800;260.82;0;off
2020-08-31_09:00:01;39.5;35.43;0;800;255.43;0;off
2020-08-31_09:01:01;39.5;35.44;0;800;250.26;0;off
2020-08-31_09:02:01;39.5;35.46;0;800;248.04;0;off
2020-08-31_09:03:01;39.5;35.48;0;800;249.98;0;off
2020-08-31_09:04:01;39.5;35.5;0;800;259;0;off
2020-08-31_09:05:01;39.5;35.52;0;800;270.01;0;off
2020-08-31_09:06:01;39.5;35.56;0;800;290.33;0;off
2020-08-31_09:07:01;39.5;35.56;0;800;290.33;0;off
2020-08-31_09:08:01;39.5;35.59;0;800;303.6;0;off
2020-08-31_09:09:01;39.5;35.61;0;800;305.9;0;off
2020-08-31_09:10:01;39.5;35.61;0;800;305.9;0;off
2020-08-31_09:11:02;39.5;35.64;0;800;314.9;0;off
2020-08-31_09:12:02;39.5;35.64;0;800;314.9;0;off
2020-08-31_09:13:02;39.5;35.66;0;800;321.3;0;off
2020-08-31_09:14:02;39.5;35.66;0;800;321.3;0;off
2020-08-31_09:15:02;39.5;35.69;0;800;332.6;0;off
2020-08-31_09:16:02;39.5;35.71;0;800;342.5;0;off
2020-08-31_09:17:02;39.5;35.72;0;800;352.6;0;off
2020-08-31_09:18:02;39.5;35.73;0;800;363.7;0;off
2020-08-31_09:19:02;39.5;35.74;0;800;367.5;0;off
2020-08-31_09:20:02;39.5;35.75;0;800;375.7;0;off
2020-08-31_09:21:02;39.5;35.75;0;800;375.7;0;off
2020-08-31_09:22:02;39.5;35.78;0;800;405.5;0;off
2020-08-31_09:23:02;39.5;35.79;0;800;427.4;0;off
2020-08-31_09:24:02;39.5;35.8;0;800;450.6;0;off
2020-08-31_09:25:02;39.5;35.82;0;800;469.1;0;off
2020-08-31_09:26:03;39.5;35.83;0;800;485;0;off
2020-08-31_09:27:03;39.5;35.85;0;800;496.5;0;off
2020-08-31_09:28:03;39.5;35.87;0;800;506.9;0;off
2020-08-31_09:29:03;39.5;35.88;0;800;516.4;0;off
2020-08-31_09:30:03;39.5;35.9;0;800;522.4;0;off
2020-08-31_09:31:03;39.5;35.92;0;800;528.9;0;off
2020-08-31_09:32:03;39.5;35.93;0;800;533.6;0;off
2020-08-31_09:33:03;39.5;35.94;0;800;538;0;off
2020-08-31_09:34:03;39.5;35.95;0;800;542.3;0;off
2020-08-31_09:35:03;39.5;35.96;0;800;540.7;0;off
2020-08-31_09:36:03;39.5;35.98;0;800;532.8;0;off
2020-08-31_09:37:03;39.5;35.99;0;800;522.3;0;off
2020-08-31_09:38:03;39.5;35.99;0;800;512.6;0;off
2020-08-31_09:39:04;39.5;35.99;0;800;504.3;0;off
2020-08-31_09:40:04;39.5;36;0;800;501.4;0;off
2020-08-31_09:41:04;39.5;36.01;0;800;507.3;0;off
2020-08-31_09:42:04;39.5;36.03;0;800;528.1;0;off
2020-08-31_09:43:04;39.5;36.05;0;800;555.9;0;off
2020-08-31_09:44:04;39.5;36.07;0;800;583.9;0;off
2020-08-31_09:45:04;39.5;36.09;0;800;607.6;0;off
2020-08-31_09:46:04;39.5;36.11;0;800;619.1;0;off
2020-08-31_09:47:04;39.5;36.12;0;800;623;0;off
2020-08-31_09:48:04;39.5;36.13;0;800;621.5;0;off
2020-08-31_09:49:04;39.5;36.15;0;800;632.5;0;off
2020-08-31_09:50:04;39.5;36.17;0;800;662.4;0;off
2020-08-31_09:51:04;39.5;36.19;0;800;715.9;0;off
2020-08-31_09:52:04;39.5;36.23;0;800;787.8;0;off
2020-08-31_09:53:05;39.5;36.27;0;800;837;1;off
2020-08-31_09:54:05;39.5;36.32;0;800;854.4;1;off
2020-08-31_09:55:05;39.5;36.34;0;800;860.6;1;off
2020-08-31_09:56:05;39.5;36.37;0;800;856.4;1;off
2020-08-31_09:57:05;39.5;36.39;0;800;847.5;1;off
2020-08-31_09:58:05;39.5;36.41;0;800;842;1;off
2020-08-31_09:59:05;39.5;36.43;0;800;864.1;1;off
2020-08-31_10:00:05;39.5;36.46;0;800;870.4;1;off
2020-08-31_10:01:05;39.5;36.47;0;800;876.6;1;off
2020-08-31_10:02:05;39.5;36.49;0;800;888.1;1;off
2020-08-31_10:03:05;39.5;36.51;0;800;897.2;1;off
2020-08-31_10:04:05;39.5;36.53;0;800;900.9;1;off
2020-08-31_10:05:05;39.5;36.54;0;800;903.8;1;off
2020-08-31_10:06:05;39.5;36.56;0;800;913.5;1;off
2020-08-31_10:07:05;39.5;36.58;0;800;930.3;1;off
2020-08-31_10:08:06;39.5;36.61;0;800;949.1;1;off
2020-08-31_10:09:06;39.5;36.64;0;800;974.2;1;off
2020-08-31_10:10:06;39.5;36.66;0;800;1002.7;1;off
2020-08-31_10:11:06;39.5;36.7;0;800;1031.5;1;off
2020-08-31_10:12:06;39.5;36.74;0;800;1062.9;1;off
2020-08-31_10:13:06;39.5;36.77;0;800;1091.1;1;off
2020-08-31_10:14:06;39.5;36.8;0;800;1121.3;1;off
2020-08-31_10:15:06;39.5;36.84;0;800;1182;1;off
2020-08-31_10:16:06;39.5;36.91;0;800;1290.9;1;off
2020-08-31_10:17:06;39.5;36.98;0;800;1297;1;off
2020-08-31_10:18:06;39.5;36.99;0;800;1213.8;1;off
2020-08-31_10:19:06;39.5;36.99;0;800;1180;1;off
2020-08-31_10:20:06;39.5;36.99;0;800;1146.6;1;off
2020-08-31_10:21:06;39.5;36.99;0;800;1125.3;1;off
2020-08-31_10:22:07;39.5;37.01;0;800;1142.3;1;off
2020-08-31_10:23:07;39.5;37.03;0;800;1185.4;1;off
2020-08-31_10:24:07;39.5;37.08;0;800;1260.9;1;off
2020-08-31_10:25:07;39.5;37.14;0;800;1326.6;1;off
2020-08-31_10:26:07;39.5;37.21;0;800;1390.7;1;off
2020-08-31_10:27:07;39.5;37.26;0;800;1430;1;off
2020-08-31_10:28:07;39.5;37.34;0;800;1473;1;off
2020-08-31_10:29:07;39.5;37.37;0;800;1496;1;off
2020-08-31_10:30:07;39.5;37.43;0;800;1497.6;1;off
2020-08-31_10:31:07;39.5;37.48;0;800;1531.7;1;off
2020-08-31_10:32:07;39.5;37.54;0;800;1578.9;1;off
2020-08-31_10:33:07;39.5;37.63;0;800;1776.9;1;off
2020-08-31_10:34:07;39.5;37.93;0;800;2060.5;1;off
2020-08-31_10:35:08;39.5;38;0;800;2142.5;1;off
2020-08-31_10:36:08;39.5;38.42;0;800;2072.2;1;off
2020-08-31_10:37:08;39.5;38.18;0;800;1813.9;1;off
2020-08-31_10:38:08;39.5;38.14;0;800;1766;1;off
2020-08-31_10:39:08;39.5;38.11;0;800;1695;1;off
2020-08-31_10:40:08;39.5;38.14;0;800;1772.1;1;off
2020-08-31_10:41:08;39.5;38.29;0;800;1809.2;1;off
2020-08-31_10:42:08;39.5;38.26;0;800;1801.2;1;off
2020-08-31_10:43:08;39.5;38.34;0;800;2058.4;1;off
2020-08-31_10:44:08;39.5;39.03;0;800;3452;1;off
2020-08-31_10:45:08;39.5;40.31;1;800;3664;1;on
2020-08-31_10:46:12;39.5;40.49;1;800;4044;1;on
2020-08-31_10:47:13;39.5;39.83;1;800;2846.2;1;on
2020-08-31_10:48:13;39.5;39.41;0;800;2881;1;on
2020-08-31_10:49:13;39.5;39.65;1;800;2599.3;1;on
2020-08-31_10:50:13;39.5;38.7;0;800;2196;1;on
2020-08-31_10:51:13;39.5;38.23;0;800;2327.7;1;on
2020-08-31_10:52:13;39.5;38.29;0;800;3313;1;on
2020-08-31_10:53:13;39.5;39.19;0;800;2864.1;1;on
2020-08-31_10:54:13;39.5;38.72;0;800;3500;1;on
2020-08-31_10:55:13;39.5;38.41;0;800;3087;1;on
2020-08-31_10:56:13;39.5;38.74;0;800;3968;1;on
2020-08-31_10:57:14;39.5;38.47;0;800;3953;1;on
2020-08-31_10:58:14;39.5;39.03;0;800;3396;1;on
2020-08-31_10:59:14;39.5;38.41;0;800;2791;1;on
2020-08-31_11:00:14;39.5;37.76;0;800;3053;1;on
2020-08-31_11:01:14;39.5;37.85;0;800;4092;1;on
2020-08-31_11:02:14;39.5;38.35;0;800;3046;1;on
2020-08-31_11:03:14;39.5;37.24;0;800;2153.5;1;on
2020-08-31_11:04:14;39.5;36.7;0;800;2020.9;1;on
2020-08-31_11:05:14;39.5;36.51;0;800;2281.8;1;on
2020-08-31_11:06:14;39.5;36.57;0;800;2373.9;1;on
2020-08-31_11:07:14;39.5;36.39;0;800;2513;1;on
2020-08-31_11:08:15;39.5;36.32;0;800;2491.4;1;on
2020-08-31_11:09:15;39.5;37.15;0;800;3883;1;on
2020-08-31_11:10:15;39.5;37.1;0;800;3887;1;on
2020-08-31_11:11:15;39.5;37.04;0;800;3892;1;on
2020-08-31_11:12:15;39.5;37.09;0;800;3887;1;on
2020-08-31_11:13:15;39.5;37.08;0;800;3215;1;on
2020-08-31_11:14:15;39.5;36.58;0;800;2248;1;on
2020-08-31_11:15:15;39.5;36.27;0;800;1989.6;1;on
2020-08-31_11:16:15;39.5;36.04;0;800;1912.1;1;on
2020-08-31_11:17:15;39.5;35.86;0;800;1884.6;1;on
2020-08-31_11:18:15;39.5;35.68;0;800;1843.7;1;on
2020-08-31_11:19:16;39.5;35.53;0;800;1856;1;on
2020-08-31_11:20:16;39.5;35.42;0;800;1887.1;1;on
2020-08-31_11:21:16;39.5;35.34;0;800;1939.4;1;on
2020-08-31_11:22:16;39.5;35.27;0;800;2001.9;1;on
2020-08-31_11:23:16;39.5;35.23;0;800;2065.4;1;on
2020-08-31_11:24:16;39.5;35.21;0;800;2138;1;on
2020-08-31_11:25:16;39.5;35.2;0;800;2170.4;1;on
2020-08-31_11:26:16;39.5;35.21;0;800;2359.6;1;on
2020-08-31_11:27:16;39.5;35.42;0;800;2599.3;1;on
2020-08-31_11:28:17;39.5;35.41;0;800;2475.5;1;on
2020-08-31_11:29:17;39.5;35.48;0;800;2729.1;1;on
2020-08-31_11:30:17;39.5;35.54;0;800;2649.1;1;on
2020-08-31_11:31:17;39.5;36.04;0;800;3685;1;on
2020-08-31_11:32:17;39.5;36.3;0;800;3305;1;on
2020-08-31_11:33:17;39.5;36.32;0;800;2984.4;1;on
2020-08-31_11:34:17;39.5;36.2;0;800;3054;1;on
2020-08-31_11:35:17;39.5;36.64;0;800;3145;1;on
2020-08-31_11:36:17;39.5;36.33;0;800;2875.6;1;on
2020-08-31_11:37:18;39.5;36.22;0;800;2706.3;1;on
2020-08-31_11:38:18;39.5;36.34;0;800;3145;1;on
2020-08-31_11:39:18;39.5;36.29;0;800;2980.1;1;on
2020-08-31_11:40:18;39.5;37.46;0;800;3448;1;on
2020-08-31_11:41:18;39.5;36.62;0;800;2932.7;1;on
2020-08-31_11:42:18;39.5;36.5;0;800;4100;1;on
2020-08-31_11:43:18;39.5;38.15;0;800;4096;1;on
2020-08-31_11:44:18;39.5;38.81;0;800;4072;1;on
2020-08-31_11:45:18;39.5;39.16;0;800;4098;1;on
2020-08-31_11:46:18;39.5;39.51;1;800;4158;1;on
2020-08-31_11:47:18;39.5;38.51;0;800;3974;1;on
2020-08-31_11:48:19;39.5;38.44;0;800;4089;1;on
2020-08-31_11:49:19;39.5;38.17;0;800;4101;1;on
2020-08-31_11:50:19;39.5;38.13;0;800;3745;1;on
2020-08-31_11:51:19;39.5;38.11;0;800;3584;1;on
2020-08-31_11:52:19;39.5;37.57;0;800;3146;1;on
2020-08-31_11:53:19;39.5;38.18;0;800;4165;1;on
2020-08-31_11:54:19;39.5;38.25;0;800;4157;1;on
2020-08-31_11:55:19;39.5;38.75;0;800;4208;1;on
2020-08-31_11:56:19;39.5;38.79;0;800;4169;1;on
2020-08-31_11:57:19;39.5;38.53;0;800;4138;1;on
2020-08-31_11:58:19;39.5;39.17;0;800;4145;1;on
2020-08-31_11:59:19;39.5;40.24;1;800;4164;1;on
2020-08-31_12:00:19;39.5;40.89;1;800;4171;1;on
2020-08-31_12:01:19;39.5;41.18;1;800;4093;1;on
2020-08-31_12:02:20;39.5;40.76;1;800;4295;1;on
2020-08-31_12:03:20;39.5;40.66;1;800;4299;1;on
2020-08-31_12:04:20;39.5;40.76;1;800;4282;1;on
2020-08-31_12:05:20;39.5;40.88;1;800;4285;1;on
2020-08-31_12:06:20;39.5;40.97;1;800;4296;1;on
2020-08-31_12:07:20;39.5;40.96;1;800;4297;1;on
2020-08-31_12:08:20;39.5;40.85;1;800;4307;1;on
2020-08-31_12:09:20;39.5;40.82;1;800;4290;1;on
2020-08-31_12:10:20;39.5;41;1;800;4120;1;on
2020-08-31_12:11:20;39.5;41.36;1;800;4118;1;on
2020-08-31_12:12:20;39.5;41.22;1;800;4306;1;on
2020-08-31_12:13:20;39.5;41.13;1;800;4323;1;on
2020-08-31_12:14:20;39.5;41.42;1;800;4073;1;on
2020-08-31_12:15:21;39.5;40.47;1;800;2923.9;1;on
2020-08-31_12:16:21;39.5;39.86;1;800;4290;1;on
2020-08-31_12:17:21;39.5;40.23;1;800;3149;1;on
2020-08-31_12:18:21;39.5;39.45;0;800;3429;1;on
2020-08-31_12:19:21;39.5;39.33;0;800;4584;1;on
2020-08-31_12:20:21;39.5;39.65;1;800;4091;1;on
2020-08-31_12:21:21;39.5;39.4;0;800;4552;1;on
2020-08-31_12:22:21;39.5;38.93;0;800;2741.3;1;on
2020-08-31_12:23:21;39.5;38.33;0;800;2643.7;1;on
2020-08-31_12:24:21;39.5;39.52;1;800;4080;1;on
2020-08-31_12:25:22;39.5;40.51;1;800;4572;1;on
2020-08-31_12:26:22;39.5;39.96;1;800;4237;1;on
2020-08-31_12:27:22;39.5;39.41;0;800;4117;1;on
2020-08-31_12:28:22;39.5;39.68;1;800;3383;1;on
2020-08-31_12:29:22;39.5;39.16;0;800;3819;1;on
2020-08-31_12:30:22;39.5;39.83;1;800;3766;1;on
2020-08-31_12:31:22;39.5;39.84;1;800;4212;1;on
2020-08-31_12:32:22;39.5;39.44;0;800;3335;1;on
2020-08-31_12:33:22;39.5;38.55;0;800;2115.5;1;on
2020-08-31_12:34:22;39.5;38.37;0;800;3324;1;on
2020-08-31_12:35:23;39.5;38.65;0;800;2818.3;1;on
2020-08-31_12:36:23;39.5;38.56;0;800;3832;1;on
2020-08-31_12:37:23;39.5;39.56;1;800;3552;1;on
2020-08-31_12:38:23;39.5;38.79;0;800;2881.5;1;on
2020-08-31_12:39:23;39.5;38.32;0;800;2898.1;1;on
2020-08-31_12:40:23;39.5;38.18;0;800;2746.8;1;on
2020-08-31_12:41:23;39.5;37.77;0;800;4164;1;on
2020-08-31_12:42:23;39.5;39.11;0;800;4588;1;on
2020-08-31_12:43:23;39.5;40.09;1;800;4022;1;on
2020-08-31_12:44:23;39.5;39.29;0;800;4044;1;on
2020-08-31_12:45:24;39.5;39.11;0;800;4572;1;on
2020-08-31_12:46:24;39.5;39.65;1;800;4579;1;on
2020-08-31_12:47:24;39.5;39.28;0;800;4012;1;on
2020-08-31_12:48:24;39.5;39.16;0;800;4021;1;on
2020-08-31_12:49:24;39.5;39.74;1;800;4559;1;on
2020-08-31_12:50:24;39.5;39.72;1;800;4000;1;on
2020-08-31_12:51:24;39.5;39.43;0;800;4000;1;on
2020-08-31_12:52:24;39.5;39.7;1;800;4555;1;on
2020-08-31_12:53:24;39.5;41.22;1;800;3990;1;on
2020-08-31_12:54:24;39.5;41.47;1;800;4001;1;on
2020-08-31_12:55:25;39.5;41.63;1;800;3970;1;on
2020-08-31_12:56:25;39.5;41.36;1;800;3975;1;on
2020-08-31_12:57:25;39.5;40.32;1;800;3966;1;on
2020-08-31_12:58:25;39.5;39.8;1;800;3954;1;on
2020-08-31_12:59:25;39.5;40.4;1;800;1822.9;1;on
2020-08-31_13:00:25;39.5;38.49;0;800;1334.6;1;on
2020-08-31_13:01:25;39.5;37.85;0;800;1339.4;1;on
2020-08-31_13:02:25;39.5;37.45;0;800;1388.1;1;on
2020-08-31_13:03:25;39.5;37.16;0;800;1461.9;1;on
2020-08-31_13:04:25;39.5;36.96;0;800;1623.1;1;on
2020-08-31_13:05:25;39.5;36.91;0;800;2639.6;1;on
2020-08-31_13:06:26;39.5;38.09;0;800;3332;1;on
2020-08-31_13:07:26;39.5;37.12;0;800;1614.8;1;on
2020-08-31_13:08:26;39.5;36.6;0;800;1545.8;1;on
2020-08-31_13:09:26;39.5;36.39;0;800;1655.8;1;on
2020-08-31_13:10:26;39.5;36.22;0;800;1622.6;1;on
2020-08-31_13:11:26;39.5;36.06;0;800;1571.6;1;on
2020-08-31_13:12:26;39.5;35.87;0;800;1491.2;1;on
2020-08-31_13:13:26;39.5;35.69;0;800;1386.6;1;on
2020-08-31_13:14:26;39.5;35.52;0;800;1283.6;1;on
2020-08-31_13:15:26;39.5;35.34;0;800;1198.1;1;on
2020-08-31_13:16:26;39.5;35.17;0;800;1139.1;1;on
2020-08-31_13:17:27;39.5;35.01;0;800;1103;1;on
2020-08-31_13:18:27;39.5;34.87;0;800;1108.9;1;on
2020-08-31_13:19:27;39.5;34.76;0;800;1136.7;1;on
2020-08-31_13:20:27;39.5;34.67;0;800;1171.5;1;on
2020-08-31_13:21:27;39.5;34.6;0;800;1248.7;1;on
2020-08-31_13:22:27;39.5;34.58;0;800;1402.3;1;on
2020-08-31_13:23:27;39.5;34.59;0;800;1470.2;1;on
2020-08-31_13:24:27;39.5;34.56;0;800;1426.8;1;on
2020-08-31_13:25:27;39.5;34.48;0;800;1355.6;1;on
2020-08-31_13:26:27;39.5;34.39;0;800;1276;1;on
2020-08-31_13:27:28;39.5;34.27;0;800;1182.2;1;on
2020-08-31_13:28:28;39.5;34.17;0;800;1124.4;1;on
2020-08-31_13:29:28;39.5;34.07;0;800;1099.5;1;on
2020-08-31_13:30:28;39.5;34;0;800;1071.5;1;on
2020-08-31_13:31:28;39.5;33.9;0;800;1057.6;1;on
2020-08-31_13:32:28;39.5;33.82;0;800;1056;1;on
2020-08-31_13:33:28;39.5;33.75;0;800;1068.5;1;on
2020-08-31_13:34:28;39.5;33.7;0;800;1099.5;1;on
2020-08-31_13:35:28;39.5;33.67;0;800;1174.4;1;on
2020-08-31_13:36:28;39.5;33.67;0;800;1251.1;1;on
2020-08-31_13:37:29;39.5;33.68;0;800;1318.8;1;on
2020-08-31_13:38:29;39.5;33.69;0;800;1399;1;on
2020-08-31_13:39:29;39.5;33.71;0;800;1491.4;1;on
2020-08-31_13:40:29;39.5;33.77;0;800;1535.9;1;on
2020-08-31_13:41:29;39.5;33.8;0;800;1766.4;1;on
2020-08-31_13:42:29;39.5;34.1;0;800;1950.4;1;on
2020-08-31_13:43:29;39.5;33.91;0;800;1464.8;1;on
2020-08-31_13:44:29;39.5;33.78;0;800;1435.2;1;on
2020-08-31_13:45:29;39.5;33.75;0;800;1424.6;1;on
2020-08-31_13:46:29;39.5;33.72;0;800;1382.5;1;on
2020-08-31_13:47:29;39.5;33.65;0;800;1352.6;1;on
2020-08-31_13:48:30;39.5;33.59;0;800;1339.8;1;on
2020-08-31_13:49:30;39.5;33.57;0;800;1338.2;1;on
2020-08-31_13:50:30;39.5;33.54;0;800;1284.2;1;on
2020-08-31_13:51:30;39.5;33.49;0;800;1212.2;1;on
2020-08-31_13:52:30;39.5;33.44;0;800;1154.3;1;on
2020-08-31_13:53:30;39.5;33.38;0;800;1094.2;1;on
2020-08-31_13:54:30;39.5;33.35;0;800;1045.4;1;on
2020-08-31_13:55:30;39.5;33.31;0;800;1015.1;1;on
2020-08-31_13:56:30;39.5;33.29;0;800;1017.2;1;on
2020-08-31_13:57:30;39.5;33.29;0;800;1035.8;1;on
2020-08-31_13:58:30;39.5;33.3;0;800;1081.1;1;on
2020-08-31_13:59:31;39.5;33.33;0;800;1156.1;1;on
2020-08-31_14:00:31;39.5;33.36;0;800;1207.5;1;on
2020-08-31_14:01:31;39.5;33.39;0;800;1271.1;1;on
2020-08-31_14:02:31;39.5;33.41;0;800;1335.4;1;on
2020-08-31_14:03:31;39.5;33.43;0;800;1405.5;1;on
2020-08-31_14:04:31;39.5;33.49;0;800;1482.3;1;on
2020-08-31_14:05:31;39.5;33.5;0;800;1529.2;1;on
2020-08-31_14:06:31;39.5;33.51;0;800;1561.7;1;on
2020-08-31_14:07:31;39.5;33.51;0;800;1562.1;1;on
2020-08-31_14:08:31;39.5;33.53;0;800;1633.5;1;on
2020-08-31_14:09:32;39.5;34.1;0;800;3630;1;on
2020-08-31_14:10:32;39.5;35.83;0;800;4276;1;on
2020-08-31_14:11:32;39.5;36.95;0;800;4149;1;on
2020-08-31_14:12:32;39.5;37.85;0;800;4173;1;on
2020-08-31_14:13:32;39.5;37.96;0;800;2980.2;1;on
2020-08-31_14:14:32;39.5;36.51;0;800;3905;1;on
2020-08-31_14:15:32;39.5;37.48;0;800;3860;1;on
2020-08-31_14:16:32;39.5;36.34;0;800;2634.2;1;on
2020-08-31_14:17:32;39.5;36.16;0;800;2474.7;1;on
2020-08-31_14:18:32;39.5;35.64;0;800;1964.7;1;on
2020-08-31_14:19:33;39.5;35.29;0;800;1812.9;1;on
2020-08-31_14:20:33;39.5;35.15;0;800;1915.7;1;on
2020-08-31_14:21:33;39.5;35.17;0;800;2173.7;1;on
2020-08-31_14:22:33;39.5;35.26;0;800;2237.4;1;on
2020-08-31_14:23:33;39.5;35.25;0;800;2156.6;1;on
2020-08-31_14:24:33;39.5;35.09;0;800;1967.9;1;on
2020-08-31_14:25:33;39.5;34.97;0;800;1908;1;on
2020-08-31_14:26:33;39.5;34.93;0;800;1910.1;1;on
2020-08-31_14:27:33;39.5;34.9;0;800;1928.4;1;on
2020-08-31_14:28:33;39.5;34.87;0;800;1914.7;1;on
2020-08-31_14:29:34;39.5;34.77;0;800;1785.1;1;on
2020-08-31_14:30:34;39.5;34.64;0;800;1710.4;1;on
2020-08-31_14:31:34;39.5;34.51;0;800;1604.2;1;on
2020-08-31_14:32:34;39.5;34.4;0;800;1560.9;1;on
2020-08-31_14:33:34;39.5;34.32;0;800;1516.7;1;on
2020-08-31_14:34:34;39.5;34.26;0;800;1512.3;1;on
2020-08-31_14:35:34;39.5;34.22;0;800;1535.7;1;on
2020-08-31_14:36:34;39.5;34.2;0;800;1578.1;1;on
2020-08-31_14:37:34;39.5;34.2;0;800;1620.2;1;on
2020-08-31_14:38:35;39.5;34.19;0;800;1656.4;1;on
2020-08-31_14:39:35;39.5;34.17;0;800;1671.6;1;on
2020-08-31_14:40:35;39.5;34.17;0;800;1680.5;1;on
2020-08-31_14:41:35;39.5;34.16;0;800;1678.2;1;on
2020-08-31_14:42:35;39.5;34.17;0;800;1670.4;1;on
2020-08-31_14:43:35;39.5;34.15;0;800;1681.4;1;on
2020-08-31_14:44:35;39.5;34.17;0;800;1749.5;1;on
2020-08-31_14:45:35;39.5;34.26;0;800;1975.7;1;on
2020-08-31_14:46:35;39.5;34.37;0;800;1905.2;1;on
2020-08-31_14:47:35;39.5;34.29;0;800;1807.8;1;on
2020-08-31_14:48:36;39.5;34.25;0;800;1812.5;1;on
2020-08-31_14:49:36;39.5;34.23;0;800;1852.2;1;on
2020-08-31_14:50:36;39.5;34.26;0;800;1966.1;1;on
2020-08-31_14:51:36;39.5;34.29;0;800;1871.1;1;on
2020-08-31_14:52:36;39.5;34.3;0;800;1888;1;on
2020-08-31_14:53:36;39.5;34.35;0;800;2150.6;1;on
2020-08-31_14:54:36;39.5;36.06;0;800;4340;1;on
2020-08-31_14:55:36;39.5;36.53;0;800;2223.3;1;on
2020-08-31_14:56:36;39.5;35.28;0;800;1902.9;1;on
2020-08-31_14:57:36;39.5;34.91;0;800;1829.8;1;on
2020-08-31_14:58:36;39.5;34.71;0;800;1711.8;1;on
2020-08-31_14:59:37;39.5;34.58;0;800;1672.9;1;on
2020-08-31_15:00:37;39.5;34.5;0;800;1637.7;1;on
2020-08-31_15:01:37;39.5;34.41;0;800;1600.7;1;on
2020-08-31_15:02:37;39.5;34.31;0;800;1559.5;1;on
2020-08-31_15:03:37;39.5;34.22;0;800;1512.5;1;on
2020-08-31_15:04:37;39.5;34.15;0;800;1454.2;1;on
2020-08-31_15:05:37;39.5;34.08;0;800;1384.8;1;on
2020-08-31_15:06:37;39.5;34.01;0;800;1303.9;1;on
2020-08-31_15:07:37;39.5;33.9;0;800;1226.1;1;on
2020-08-31_15:08:37;39.5;33.77;0;800;1160.3;1;on
2020-08-31_15:09:38;39.5;33.68;0;800;1109.1;1;on
2020-08-31_15:10:38;39.5;33.6;0;800;1074.4;1;on
2020-08-31_15:11:38;39.5;33.51;0;800;1045.8;1;on
2020-08-31_15:12:38;39.5;33.45;0;800;1026.5;1;on
2020-08-31_15:13:38;39.5;33.37;0;800;1010.2;1;on
2020-08-31_15:14:38;39.5;33.31;0;800;993.8;1;on
2020-08-31_15:15:38;39.5;33.24;0;800;983.2;1;on
2020-08-31_15:16:38;39.5;33.18;0;800;974.7;1;on
2020-08-31_15:17:38;39.5;33.14;0;800;960.5;1;on
2020-08-31_15:18:38;39.5;33.08;0;800;947.8;1;on
2020-08-31_15:19:38;39.5;33.04;0;800;940.9;1;on
2020-08-31_15:20:39;39.5;33.03;0;800;938.8;1;on
2020-08-31_15:21:39;39.5;33.01;0;800;943.6;1;on
2020-08-31_15:22:39;39.5;32.99;0;800;957;1;on
2020-08-31_15:23:39;39.5;32.97;0;800;970.6;1;on
2020-08-31_15:24:39;39.5;32.95;0;800;980.1;1;on
2020-08-31_15:25:39;39.5;32.96;0;800;991.8;1;on
2020-08-31_15:26:39;39.5;32.97;0;800;1006.5;1;on
2020-08-31_15:27:39;39.5;33.01;0;800;1030.1;1;on
2020-08-31_15:28:39;39.5;33.01;0;800;1066.6;1;on
2020-08-31_15:29:39;39.5;33.02;0;800;1111;1;on
2020-08-31_15:30:39;39.5;33.01;0;800;1087.6;1;on
2020-08-31_15:31:39;39.5;32.98;0;800;1077.5;1;on
2020-08-31_15:32:39;39.5;32.98;0;800;1071;1;on
2020-08-31_15:33:39;39.5;32.95;0;800;1068.1;1;on
2020-08-31_15:34:39;39.5;32.94;0;800;1054.7;1;on
2020-08-31_15:35:40;39.5;32.93;0;800;1037.8;1;on
2020-08-31_15:36:40;39.5;32.91;0;800;1025.8;1;on
2020-08-31_15:37:40;39.5;32.87;0;800;1009.5;1;on
2020-08-31_15:38:40;39.5;32.86;0;800;994.2;1;on
2020-08-31_15:39:40;39.5;32.85;0;800;979.3;1;on
2020-08-31_15:40:40;39.5;32.85;0;800;965.4;1;on
2020-08-31_15:41:40;39.5;32.85;0;800;954.9;1;on
2020-08-31_15:42:40;39.5;32.85;0;800;938.4;1;on
2020-08-31_15:43:40;39.5;32.84;0;800;916.8;1;on
2020-08-31_15:44:40;39.5;32.82;0;800;893.4;1;on
2020-08-31_15:45:40;39.5;32.82;0;800;866.9;1;on
2020-08-31_15:46:41;39.5;32.78;0;800;842.5;1;on
2020-08-31_15:47:41;39.5;32.77;0;800;818.1;1;on
2020-08-31_15:48:41;39.5;32.77;0;800;799.1;0;off
2020-08-31_15:49:45;39.5;32.76;0;800;777.7;0;off
2020-08-31_15:50:45;39.5;32.86;0;800;763.2;0;off
2020-08-31_15:51:45;39.5;32.98;0;800;749.2;0;off
2020-08-31_15:52:45;39.5;33.12;0;800;739.9;0;off
2020-08-31_15:53:45;39.5;33.26;0;800;730;0;off
2020-08-31_15:54:45;39.5;33.4;0;800;725.6;0;off
2020-08-31_15:55:45;39.5;33.54;0;800;714.8;0;off
2020-08-31_15:56:46;39.5;33.67;0;800;700.3;0;off
2020-08-31_15:57:46;39.5;33.78;0;800;681.2;0;off
2020-08-31_15:58:46;39.5;33.9;0;800;660.8;0;off
2020-08-31_15:59:46;39.5;34.03;0;800;642.6;0;off
2020-08-31_16:00:46;39.5;34.16;0;800;625.5;0;off
2020-08-31_16:01:46;39.5;34.27;0;800;609.5;0;off
2020-08-31_16:02:46;39.5;34.36;0;800;599.6;0;off
2020-08-31_16:03:46;39.5;34.45;0;800;593.1;0;off
2020-08-31_16:04:46;39.5;34.56;0;800;588.4;0;off
2020-08-31_16:05:46;39.5;34.65;0;800;575.1;0;off
2020-08-31_16:06:47;39.5;34.73;0;800;551.8;0;off
2020-08-31_16:07:47;39.5;34.81;0;800;524;0;off
2020-08-31_16:08:47;39.5;34.87;0;800;495.8;0;off
2020-08-31_16:09:47;39.5;34.91;0;800;466.2;0;off
2020-08-31_16:10:47;39.5;34.97;0;800;442;0;off
2020-08-31_16:11:47;39.5;34.99;0;800;426.9;0;off
2020-08-31_16:12:47;39.5;35.04;0;800;420.7;0;off
2020-08-31_16:13:47;39.5;35.09;0;800;423.4;0;off
2020-08-31_16:14:47;39.5;35.16;0;800;432.3;0;off
2020-08-31_16:15:47;39.5;35.23;0;800;447.4;0;off
2020-08-31_16:16:47;39.5;35.28;0;800;457.7;0;off
2020-08-31_16:17:47;39.5;35.35;0;800;479.5;0;off
2020-08-31_16:18:48;39.5;35.41;0;800;509.1;0;off
2020-08-31_16:19:48;39.5;35.48;0;800;539;0;off
2020-08-31_16:20:48;39.5;35.54;0;800;570.7;0;off
2020-08-31_16:21:48;39.5;35.59;0;800;599.7;0;off
2020-08-31_16:22:48;39.5;35.63;0;800;618.1;0;off
2020-08-31_16:23:48;39.5;35.67;0;800;631.8;0;off
2020-08-31_16:24:48;39.5;35.75;0;800;649;0;off
2020-08-31_16:25:48;39.5;35.8;0;800;687.4;0;off
2020-08-31_16:26:48;39.5;35.88;0;800;747.5;0;off
2020-08-31_16:27:48;39.5;35.98;0;800;737.8;0;off
2020-08-31_16:28:48;39.5;36.05;0;800;747;0;off
2020-08-31_16:29:49;39.5;36.12;0;800;765.4;0;off
2020-08-31_16:30:49;39.5;36.19;0;800;787;0;off
2020-08-31_16:31:49;39.5;36.25;0;800;793.7;0;off
2020-08-31_16:32:49;39.5;36.3;0;800;772.6;0;off
2020-08-31_16:33:49;39.5;36.34;0;800;789.8;0;off
2020-08-31_16:34:49;39.5;36.39;0;800;837.2;1;off
2020-08-31_16:35:49;39.5;36.44;0;800;894;1;off
2020-08-31_16:36:49;39.5;36.5;0;800;934.6;1;off
2020-08-31_16:37:49;39.5;36.55;0;800;955.4;1;off
2020-08-31_16:38:49;39.5;36.6;0;800;974.2;1;off
2020-08-31_16:39:49;39.5;36.64;0;800;984.7;1;off
2020-08-31_16:40:49;39.5;36.65;0;800;965.3;1;off
2020-08-31_16:41:50;39.5;36.67;0;800;952.3;1;off
2020-08-31_16:42:50;39.5;36.71;0;800;927;1;off
2020-08-31_16:43:50;39.5;36.75;0;800;889.9;1;off
2020-08-31_16:44:50;39.5;36.78;0;800;824.3;1;off
2020-08-31_16:45:50;39.5;36.86;0;800;753.2;0;off
2020-08-31_16:46:50;39.5;36.91;0;800;691.3;0;off
2020-08-31_16:47:50;39.5;36.91;0;800;652.7;0;off
2020-08-31_16:48:50;39.5;36.92;0;800;626.8;0;off
2020-08-31_16:49:50;39.5;36.91;0;800;595;0;off
2020-08-31_16:50:50;39.5;36.9;0;800;589;0;off
2020-08-31_16:51:51;39.5;36.93;0;800;562.7;0;off
2020-08-31_16:52:51;39.5;36.93;0;800;509.5;0;off
2020-08-31_16:53:51;39.5;36.92;0;800;496.3;0;off
2020-08-31_16:54:51;39.5;36.97;0;800;529.4;0;off
2020-08-31_16:55:51;39.5;37.08;0;800;1057.8;1;off
2020-08-31_16:56:51;39.5;37.13;0;800;671.7;0;off
2020-08-31_16:57:51;39.5;37.2;0;800;713.6;0;off
2020-08-31_16:58:51;39.5;37.39;0;800;1355.5;1;off
2020-08-31_16:59:51;39.5;37.63;0;800;1428.4;1;off
2020-08-31_17:00:51;39.5;37.6;0;800;809.6;1;off
2020-08-31_17:01:52;39.5;37.39;0;800;768.7;0;off
2020-08-31_17:02:52;39.5;37.64;0;800;1391.6;1;off
2020-08-31_17:03:52;39.5;37.61;0;800;997.7;1;off
2020-08-31_17:04:52;39.5;37.49;0;800;860.8;1;off
2020-08-31_17:05:52;39.5;37.48;0;800;936.5;1;off
2020-08-31_17:06:52;39.5;37.54;0;800;987.8;1;off
2020-08-31_17:07:52;39.5;37.64;0;800;1080.6;1;off
2020-08-31_17:08:52;39.5;37.73;0;800;1369.9;1;off
2020-08-31_17:09:52;39.5;37.91;0;800;1297.6;1;off
2020-08-31_17:10:52;39.5;37.85;0;800;1051.2;1;off
2020-08-31_17:11:53;39.5;37.83;0;800;1027.4;1;off
2020-08-31_17:12:53;39.5;37.84;0;800;994.4;1;off
2020-08-31_17:13:53;39.5;37.84;0;800;1021.1;1;off
2020-08-31_17:14:53;39.5;37.94;0;800;1210.9;1;off
2020-08-31_17:15:53;39.5;37.82;0;800;832.3;1;off
2020-08-31_17:16:53;39.5;37.8;0;800;780.3;0;off
2020-08-31_17:17:53;39.5;37.77;0;800;742.2;0;off
2020-08-31_17:18:53;39.5;37.74;0;800;689.2;0;off
2020-08-31_17:19:53;39.5;37.71;0;800;624.8;0;off
2020-08-31_17:20:54;39.5;37.67;0;800;557.3;0;off
2020-08-31_17:21:54;39.5;37.63;0;800;497.4;0;off
2020-08-31_17:22:54;39.5;37.61;0;800;460;0;off
2020-08-31_17:23:54;39.5;37.58;0;800;441.1;0;off
2020-08-31_17:24:54;39.5;37.57;0;800;437.1;0;off
2020-08-31_17:25:54;39.5;37.58;0;800;435.9;0;off
2020-08-31_17:26:54;39.5;37.59;0;800;431.2;0;off
2020-08-31_17:27:54;39.5;37.59;0;800;425.2;0;off
2020-08-31_17:28:54;39.5;37.58;0;800;414.6;0;off
2020-08-31_17:29:55;39.5;37.57;0;800;408.2;0;off
2020-08-31_17:30:55;39.5;37.59;0;800;403.7;0;off
2020-08-31_17:31:55;39.5;37.56;0;800;402.8;0;off
2020-08-31_17:32:55;39.5;37.53;0;800;408.1;0;off
2020-08-31_17:33:55;39.5;37.51;0;800;404.1;0;off
2020-08-31_17:34:55;39.5;37.51;0;800;400.8;0;off
2020-08-31_17:35:55;39.5;37.53;0;800;391.6;0;off
2020-08-31_17:36:55;39.5;37.55;0;800;386.5;0;off
2020-08-31_17:37:55;39.5;37.54;0;800;386.3;0;off
2020-08-31_17:38:55;39.5;37.52;0;800;385.6;0;off
2020-08-31_17:39:56;39.5;37.51;0;800;390.4;0;off
2020-08-31_17:40:56;39.5;37.51;0;800;391.6;0;off
2020-08-31_17:41:56;39.5;37.48;0;800;390.8;0;off
2020-08-31_17:42:56;39.5;37.47;0;800;383.5;0;off
2020-08-31_17:43:56;39.5;37.46;0;800;379;0;off
2020-08-31_17:44:56;39.5;37.46;0;800;372.4;0;off
2020-08-31_17:45:56;39.5;37.42;0;800;362.3;0;off
2020-08-31_17:46:56;39.5;37.44;0;800;360.2;0;off
2020-08-31_17:47:56;39.5;37.45;0;800;359.2;0;off
2020-08-31_17:48:57;39.5;37.45;0;800;360.9;0;off
2020-08-31_17:49:57;39.5;37.37;0;800;358.6;0;off
2020-08-31_17:50:57;39.5;37.36;0;800;350.7;0;off
2020-08-31_17:51:57;39.5;37.35;0;800;344.7;0;off
2020-08-31_17:52:57;39.5;37.33;0;800;335.8;0;off
2020-08-31_17:53:57;39.5;37.33;0;800;327.9;0;off
2020-08-31_17:54:57;39.5;37.32;0;800;325.5;0;off
2020-08-31_17:55:57;39.5;37.3;0;800;323.8;0;off
2020-08-31_17:56:57;39.5;37.31;0;800;320.7;0;off
2020-08-31_17:57:57;39.5;37.35;0;800;320.4;0;off
2020-08-31_17:58:58;39.5;37.36;0;800;319.6;0;off
2020-08-31_17:59:58;39.5;37.39;0;800;318;0;off
2020-08-31_18:00:58;39.5;37.41;0;800;314;0;off
2020-08-31_18:01:58;39.5;37.41;0;800;315;0;off
2020-08-31_18:02:58;39.5;37.43;0;800;314.6;0;off
2020-08-31_18:03:58;39.5;37.43;0;800;315.1;0;off
2020-08-31_18:04:58;39.5;37.45;0;800;318.3;0;off
2020-08-31_18:05:58;39.5;37.44;0;800;321;0;off
2020-08-31_18:06:58;39.5;37.46;0;800;326.1;0;off
2020-08-31_18:07:58;39.5;37.46;0;800;327.9;0;off
2020-08-31_18:08:58;39.5;37.44;0;800;327.2;0;off
2020-08-31_18:09:59;39.5;37.45;0;800;332.6;0;off
2020-08-31_18:10:59;39.5;37.46;0;800;332.1;0;off
2020-08-31_18:11:59;39.5;37.45;0;800;330.4;0;off
2020-08-31_18:12:59;39.5;37.43;0;800;330.2;0;off
2020-08-31_18:13:59;39.5;37.42;0;800;332.6;0;off
2020-08-31_18:14:59;39.5;37.43;0;800;333.3;0;off
2020-08-31_18:15:59;39.5;37.44;0;800;336.2;0;off
2020-08-31_18:16:59;39.5;37.45;0;800;341.3;0;off
2020-08-31_18:17:59;39.5;37.44;0;800;346.2;0;off
2020-08-31_18:18:59;39.5;37.43;0;800;349.4;0;off
2020-08-31_18:19:59;39.5;37.42;0;800;352.4;0;off
2020-08-31_18:20:59;39.5;37.4;0;800;356.9;0;off
2020-08-31_18:21:59;39.5;37.4;0;800;356.6;0;off
2020-08-31_18:23:00;39.5;37.43;0;800;359.2;0;off
2020-08-31_18:24:00;39.5;37.41;0;800;357.7;0;off
2020-08-31_18:25:00;39.5;37.41;0;800;354.7;0;off
2020-08-31_18:26:00;39.5;37.41;0;800;353.6;0;off
2020-08-31_18:27:00;39.5;37.39;0;800;351.1;0;off
2020-08-31_18:28:00;39.5;37.39;0;800;348;0;off
2020-08-31_18:29:00;39.5;37.38;0;800;345.6;0;off
2020-08-31_18:30:00;39.5;37.39;0;800;340.7;0;off
2020-08-31_18:31:00;39.5;37.42;0;800;338.1;0;off
2020-08-31_18:32:00;39.5;37.42;0;800;329.8;0;off
2020-08-31_18:33:00;39.5;37.42;0;800;321.7;0;off
2020-08-31_18:34:00;39.5;37.44;0;800;313.8;0;off
2020-08-31_18:35:00;39.5;37.46;0;800;306.4;0;off
2020-08-31_18:36:01;39.5;37.47;0;800;301.1;0;off
2020-08-31_18:37:01;39.5;37.47;0;800;295.56;0;off
2020-08-31_18:38:01;39.5;37.45;0;800;291.11;0;off
2020-08-31_18:39:01;39.5;37.44;0;800;287.37;0;off
2020-08-31_18:40:01;39.5;37.42;0;800;285.28;0;off
2020-08-31_18:41:01;39.5;37.4;0;800;283.09;0;off
2020-08-31_18:42:01;39.5;37.38;0;800;277.17;0;off
2020-08-31_18:43:01;39.5;37.38;0;800;277.17;0;off
2020-08-31_18:44:01;39.5;37.37;0;800;274.09;0;off
